#Each row in the output file: dx1_f,dy1_f,dz1_f(0),dx2_f,dy2_f,dz2_f(0),dx3_f(0),dy3_f(0),dz3_f(1) 
#the fact is: dx will change dx1(=dx*dx1_f) dy1(=dx*dy1_f) and dz1(=dx*dz1_f), dy will change dx2 dy2 and dz2, dz will change dx3 dy3 and dz3
#eg (dx1_f=0.1,dy1_f=0.2, dz1_f=0.3,dx=1)-->(dx1=0.1,dy1=0.2,dz1=0.3)
#from top to bottom: sorbate(HO1-HO6 for domain1A + HO1-HO6 for domain1B)+domain1A(O11_t O12_t O1 O2 O3 O4 O5 O6 <--|--> O7 O8 O9 O10 O11 O12 + one duplicate)+domain1B(same as domain1A but delete first 6 atoms)
#full layer for tag of 2, tag 1 means one extra oxygen
1.,0.,0.,0.,1.,0.,0.,0.,1.
1.,0.,0.,0.,1.,0.,0.,0.,1.
1.,0.,0.,0.,1.,0.,0.,0.,1.
1.,0.,0.,0.,1.,0.,0.,0.,1.
1.,0.,0.,0.,1.,0.,0.,0.,1.
1.,0.,0.,0.,1.,0.,0.,0.,1.
1.,0.,0.,0.,1.,0.,0.,0.,1.
1.,0.,0.,0.,1.,0.,0.,0.,1.
1.,0.,0.,0.,1.,0.,0.,0.,1.
1.,0.,0.,0.,1.,0.,0.,0.,1.
1.,0.,0.,0.,1.,0.,0.,0.,1.
1.,0.,0.,0.,1.,0.,0.,0.,1.
1.,0.,0.,0.,1.,0.,0.,0.,1.
1.,0.,0.,0.,1.,0.,0.,0.,1.
1.,0.,0.,0.,1.,0.,0.,0.,1.
1.,0.,0.,0.,1.,0.,0.,0.,1.
1.,0.,0.,0.,1.,0.,0.,0.,1.
1.,0.,0.,0.,1.,0.,0.,0.,1.
1.,0.,0.,0.,1.,0.,0.,0.,1.
1.,0.,0.,0.,1.,0.,0.,0.,1.
1.,0.,0.,0.,1.,0.,0.,0.,1.
1.,0.,0.,0.,1.,0.,0.,0.,1.
1.,0.,0.,0.,1.,0.,0.,0.,1.
1.,0.,0.,0.,1.,0.,0.,0.,1.
1.,0.,0.,0.,1.,0.,0.,0.,1.
1.,0.,0.,0.,1.,0.,0.,0.,1.
-1.,0.,0.,0.,1.,0.,0.,0.,1.
-1.,0.,0.,0.,1.,0.,0.,0.,1.
-1.,0.,0.,0.,1.,0.,0.,0.,1.
-1.,0.,0.,0.,1.,0.,0.,0.,1.
-1.,0.,0.,0.,1.,0.,0.,0.,1.
-1.,0.,0.,0.,1.,0.,0.,0.,1.
-1.,0.,0.,0.,1.,0.,0.,0.,1.
-1.,0.,0.,0.,1.,0.,0.,0.,1.
-1.,0.,0.,0.,1.,0.,0.,0.,1.
-1.,0.,0.,0.,1.,0.,0.,0.,1.
-1.,0.,0.,0.,1.,0.,0.,0.,1.
-1.,0.,0.,0.,1.,0.,0.,0.,1.
-1.,0.,0.,0.,1.,0.,0.,0.,1.
-1.,0.,0.,0.,1.,0.,0.,0.,1.
-1.,0.,0.,0.,1.,0.,0.,0.,1.
-1.,0.,0.,0.,1.,0.,0.,0.,1.
-1.,0.,0.,0.,1.,0.,0.,0.,1.
-1.,0.,0.,0.,1.,0.,0.,0.,1.
-1.,0.,0.,0.,1.,0.,0.,0.,1.
-1.,0.,0.,0.,1.,0.,0.,0.,1.